Foram eliminados 249 números entre 1 e 1000 com a primeira pista: 
Não é um número multiplo de 4. 
Esses números são: [4, 8, 12, 16, 20, 24, 28, 32, 36, 40, 44, 48, 52, 56, 60, 64, 68, 72, 76, 80, 84, 88, 92, 96, 100, 104, 108, 112, 116, 120, 124, 128, 132, 136, 140, 144, 148, 152, 156, 160, 164, 168, 172, 176, 180, 184, 188, 192, 196, 200, 204, 208, 212, 216, 220, 224, 228, 232, 236, 240, 244, 248, 252, 256, 260, 264, 268, 272, 276, 280, 284, 288, 292, 296, 300, 304, 308, 312, 316, 320, 324, 328, 332, 336, 340, 344, 348, 352, 356, 360, 364, 368, 372, 376, 380, 384, 388, 392, 396, 400, 404, 408, 412, 416, 420, 424, 428, 432, 436, 440, 444, 448, 452, 456, 460, 464, 468, 472, 476, 480, 484, 488, 492, 496, 500, 504, 508, 512, 516, 520, 524, 528, 532, 536, 540, 544, 548, 552, 556, 560, 564, 568, 572, 576, 580, 584, 588, 592, 596, 600, 604, 608, 612, 616, 620, 624, 628, 632, 636, 640, 644, 648, 652, 656, 660, 664, 668, 672, 676, 680, 684, 688, 692, 696, 700, 704, 708, 712, 716, 720, 724, 728, 732, 736, 740, 744, 748, 752, 756, 760, 764, 768, 772, 776, 780, 784, 788, 792, 796, 800, 804, 808, 812, 816, 820, 824, 828, 832, 836, 840, 844, 848, 852, 856, 860, 864, 868, 872, 876, 880, 884, 888, 892, 896, 900, 904, 908, 912, 916, 920, 924, 928, 932, 936, 940, 944, 948, 952, 956, 960, 964, 968, 972, 976, 980, 984, 988, 992, 996]

Foram eliminados 150 números entre 1 e 1000 com a segunda pista: 
Não é um número divisível por 5. 
Esses números são: [5, 10, 15, 25, 30, 35, 45, 50, 55, 65, 70, 75, 85, 90, 95, 105, 110, 115, 125, 130, 135, 145, 150, 155, 165, 170, 175, 185, 190, 195, 205, 210, 215, 225, 230, 235, 245, 250, 255, 265, 270, 275, 285, 290, 295, 305, 310, 315, 325, 330, 335, 345, 350, 355, 365, 370, 375, 385, 390, 395, 405, 410, 415, 425, 430, 435, 445, 450, 455, 465, 470, 475, 485, 490, 495, 505, 510, 515, 525, 530, 535, 545, 550, 555, 565, 570, 575, 585, 590, 595, 605, 610, 615, 625, 630, 635, 645, 650, 655, 665, 670, 675, 685, 690, 695, 705, 710, 715, 725, 730, 735, 745, 750, 755, 765, 770, 775, 785, 790, 795, 805, 810, 815, 825, 830, 835, 845, 850, 855, 865, 870, 875, 885, 890, 895, 905, 910, 915, 925, 930, 935, 945, 950, 955, 965, 970, 975, 985, 990, 995]

Foram eliminados 200 números entre 1 e 1000 com a terceira pista: 
Não é um número par. 
Esses números são: [2, 6, 14, 18, 22, 26, 34, 38, 42, 46, 54, 58, 62, 66, 74, 78, 82, 86, 94, 98, 102, 106, 114, 118, 122, 126, 134, 138, 142, 146, 154, 158, 162, 166, 174, 178, 182, 186, 194, 198, 202, 206, 214, 218, 222, 226, 234, 238, 242, 246, 254, 258, 262, 266, 274, 278, 282, 286, 294, 298, 302, 306, 314, 318, 322, 326, 334, 338, 342, 346, 354, 358, 362, 366, 374, 378, 382, 386, 394, 398, 402, 406, 414, 418, 422, 426, 434, 438, 442, 446, 454, 458, 462, 466, 474, 478, 482, 486, 494, 498, 502, 506, 514, 518, 522, 526, 534, 538, 542, 546, 554, 558, 562, 566, 574, 578, 582, 586, 594, 598, 602, 606, 614, 618, 622, 626, 634, 638, 642, 646, 654, 658, 662, 666, 674, 678, 682, 686, 694, 698, 702, 706, 714, 718, 722, 726, 734, 738, 742, 746, 754, 758, 762, 766, 774, 778, 782, 786, 794, 798, 802, 806, 814, 818, 822, 826, 834, 838, 842, 846, 854, 858, 862, 866, 874, 878, 882, 886, 894, 898, 902, 906, 914, 918, 922, 926, 934, 938, 942, 946, 954, 958, 962, 966, 974, 978, 982, 986, 994, 998]

Foram eliminados 266 números entre 1 e 1000 com a quarta pista: 
É um número multiplo de 3. 
Esses números são: [1, 7, 11, 13, 17, 19, 23, 29, 31, 37, 41, 43, 47, 49, 53, 59, 61, 67, 71, 73, 77, 79, 83, 89, 91, 97, 101, 103, 107, 109, 113, 119, 121, 127, 131, 133, 137, 139, 143, 149, 151, 157, 161, 163, 167, 169, 173, 179, 181, 187, 191, 193, 197, 199, 203, 209, 211, 217, 221, 223, 227, 229, 233, 239, 241, 247, 251, 253, 257, 259, 263, 269, 271, 277, 281, 283, 287, 289, 293, 299, 301, 307, 311, 313, 317, 319, 323, 329, 331, 337, 341, 343, 347, 349, 353, 359, 361, 367, 371, 373, 377, 379, 383, 389, 391, 397, 401, 403, 407, 409, 413, 419, 421, 427, 431, 433, 437, 439, 443, 449, 451, 457, 461, 463, 467, 469, 473, 479, 481, 487, 491, 493, 497, 499, 503, 509, 511, 517, 521, 523, 527, 529, 533, 539, 541, 547, 551, 553, 557, 559, 563, 569, 571, 577, 581, 583, 587, 589, 593, 599, 601, 607, 611, 613, 617, 619, 623, 629, 631, 637, 641, 643, 647, 649, 653, 659, 661, 667, 671, 673, 677, 679, 683, 689, 691, 697, 701, 703, 707, 709, 713, 719, 721, 727, 731, 733, 737, 739, 743, 749, 751, 757, 761, 763, 767, 769, 773, 779, 781, 787, 791, 793, 797, 799, 803, 809, 811, 817, 821, 823, 827, 829, 833, 839, 841, 847, 851, 853, 857, 859, 863, 869, 871, 877, 881, 883, 887, 889, 893, 899, 901, 907, 911, 913, 917, 919, 923, 929, 931, 937, 941, 943, 947, 949, 953, 959, 961, 967, 971, 973, 977, 979, 983, 989, 991, 997]

Foram eliminados 45 números entre 1 e 1000 com a quinta pista: 
Não é um número divisível por 9. 
Esses números são: [9, 27, 63, 81, 99, 117, 153, 171, 189, 207, 243, 261, 279, 297, 333, 351, 369, 387, 423, 441, 459, 477, 513, 531, 549, 567, 603, 621, 639, 657, 693, 711, 729, 747, 783, 801, 819, 837, 873, 891, 909, 927, 963, 981, 999]

Foram eliminados 67 números entre 1 e 1000 com a sexta pista: 
O resto da divisão por 5 é 2. 
Esses números são:[3, 21, 33, 39, 51, 69, 93, 111, 123, 129, 141, 159, 183, 201, 213, 219, 231, 249, 273, 291, 303, 309, 321, 339, 363, 381, 393, 399, 411, 429, 453, 471, 483, 489, 501, 519, 543, 561, 573, 579, 591, 609, 633, 651, 663, 669, 681, 699, 723, 741, 753, 759, 771, 789, 813, 831, 843, 849, 861, 879, 903, 921, 933, 939, 951, 969, 993]

Foram eliminados 8 números entre 1 e 1000 com a sétima pista: 
A soma dos algarismos do número é impar. 
Esses números são: [57, 147, 237, 327, 417, 507, 897, 987]

Temos 14 candidatos a segredo entre 1 e 1000 depois das sete pistas. 
Esses números são: [87, 177, 267, 357, 447, 537, 597, 627, 687, 717, 777, 807, 867, 957]

Temos 91 pares de candidatos a segredo entre 1 e 1000 depois das sete pistas. 
Esses pares são: [[87, 177], [87, 267], [87, 357], [87, 447], [87, 537], [87, 597], [87, 627], [87, 687], [87, 717], [87, 777], [87, 807], [87, 867], [87, 957], [177, 267], [177, 357], [177, 447], [177, 537], [177, 597], [177, 627], [177, 687], [177, 717], [177, 777], [177, 807], [177, 867], [177, 957], [267, 357], [267, 447], [267, 537], [267, 597], [267, 627], [267, 687], [267, 717], [267, 777], [267, 807], [267, 867], [267, 957], [357, 447], [357, 537], [357, 597], [357, 627], [357, 687], [357, 717], [357, 777], [357, 807], [357, 867], [357, 957], [447, 537], [447, 597], [447, 627], [447, 687], [447, 717], [447, 777], [447, 807], [447, 867], [447, 957], [537, 597], [537, 627], [537, 687], [537, 717], [537, 777], [537, 807], [537, 867], [537, 957], [597, 627], [597, 687], [597, 717], [597, 777], [597, 807], [597, 867], [597, 957], [627, 687], [627, 717], [627, 777], [627, 807], [627, 867], [627, 957], [687, 717], [687, 777], [687, 807], [687, 867], [687, 957], [717, 777], [717, 807], [717, 867], [717, 957], [777, 807], [777, 867], [777, 957], [807, 867], [807, 957], [867, 957]]